Program Version,EnergyPlus, Version 22.2.0-c249759bad, YMD=2024.09.13 10:33
! <Version>, Version ID
 Version, 22.2
! <Timesteps per Hour>, #TimeSteps, Minutes per TimeStep {minutes}
 Timesteps per Hour, 12,  5
! <System Convergence Limits>, Minimum System TimeStep {minutes}, Max HVAC Iterations, Minimum Plant Iterations, Maximum Plant Iterations
 System Convergence Limits, 1, 20, 2, 8
! <Simulation Control>, Do Zone Sizing, Do System Sizing, Do Plant Sizing, Do Design Days, Do Weather Simulation, Do HVAC Sizing Simulation
 Simulation Control, Yes, Yes, Yes, No, Yes, No
! <Performance Precision Tradeoffs>, Use Coil Direct Simulation, Zone Radiant Exchange Algorithm, Override Mode, Number of Timestep In Hour, Force Euler Method, Minimum Number of Warmup Days, Force Suppress All Begin Environment Resets, Minimum System Timestep, MaxZoneTempDiff, MaxAllowedDelTemp
 Performance Precision Tradeoffs, No, ScriptF, Normal, 12, No, 1, No, 1.0, 0.300, 2.0000E-003
! <Output Reporting Tolerances>, Tolerance for Time Heating Setpoint Not Met, Tolerance for Zone Cooling Setpoint Not Met Time
 Output Reporting Tolerances, 0.200, 0.200, 
! <Site:GroundTemperature:BuildingSurface>,Jan{C},Feb{C},Mar{C},Apr{C},May{C},Jun{C},Jul{C},Aug{C},Sep{C},Oct{C},Nov{C},Dec{C}
 Site:GroundTemperature:BuildingSurface,  18.00,  18.00,  18.00,  18.00,  18.00,  18.00,  18.00,  18.00,  18.00,  18.00,  18.00,  18.00
! <Site:GroundTemperature:FCfactorMethod>,Jan{C},Feb{C},Mar{C},Apr{C},May{C},Jun{C},Jul{C},Aug{C},Sep{C},Oct{C},Nov{C},Dec{C}
 Site:GroundTemperature:FCfactorMethod,   6.67,   9.47,  12.71,  15.12,  18.48,  19.18,  18.05,  15.31,  11.73,   8.42,   6.06,   5.44
! <Site:GroundTemperature:Shallow>,Jan{C},Feb{C},Mar{C},Apr{C},May{C},Jun{C},Jul{C},Aug{C},Sep{C},Oct{C},Nov{C},Dec{C}
 Site:GroundTemperature:Shallow,  13.00,  13.00,  13.00,  13.00,  13.00,  13.00,  13.00,  13.00,  13.00,  13.00,  13.00,  13.00
! <Site:GroundTemperature:Deep>,Jan{C},Feb{C},Mar{C},Apr{C},May{C},Jun{C},Jul{C},Aug{C},Sep{C},Oct{C},Nov{C},Dec{C}
 Site:GroundTemperature:Deep,  16.00,  16.00,  16.00,  16.00,  16.00,  16.00,  16.00,  16.00,  16.00,  16.00,  16.00,  16.00
! <Site:GroundReflectance>,Jan{dimensionless},Feb{dimensionless},Mar{dimensionless},Apr{dimensionless},May{dimensionless},Jun{dimensionless},Jul{dimensionless},Aug{dimensionless},Sep{dimensionless},Oct{dimensionless},Nov{dimensionless},Dec{dimensionless}
 Site:GroundReflectance,  0.20,  0.20,  0.20,  0.20,  0.20,  0.20,  0.20,  0.20,  0.20,  0.20,  0.20,  0.20
! <Site:GroundReflectance:SnowModifier>, Normal, Daylighting {dimensionless}
 Site:GroundReflectance:SnowModifier,   1.000,   1.000
! <Site:GroundReflectance:Snow>,Jan{dimensionless},Feb{dimensionless},Mar{dimensionless},Apr{dimensionless},May{dimensionless},Jun{dimensionless},Jul{dimensionless},Aug{dimensionless},Sep{dimensionless},Oct{dimensionless},Nov{dimensionless},Dec{dimensionless}
 Site:GroundReflectance:Snow,  0.20,  0.20,  0.20,  0.20,  0.20,  0.20,  0.20,  0.20,  0.20,  0.20,  0.20,  0.20
! <Site:GroundReflectance:Snow:Daylighting>,Jan{dimensionless},Feb{dimensionless},Mar{dimensionless},Apr{dimensionless},May{dimensionless},Jun{dimensionless},Jul{dimensionless},Aug{dimensionless},Sep{dimensionless},Oct{dimensionless},Nov{dimensionless},Dec{dimensionless}
 Site:GroundReflectance:Snow:Daylighting,  0.20,  0.20,  0.20,  0.20,  0.20,  0.20,  0.20,  0.20,  0.20,  0.20,  0.20,  0.20
! <Environment:Weather Station>,Wind Sensor Height Above Ground {m},Wind Speed Profile Exponent {},Wind Speed Profile Boundary Layer Thickness {m},Air Temperature Sensor Height Above Ground {m},Wind Speed Modifier Coefficient-Internal,Temperature Modifier Coefficient-Internal
Environment:Weather Station,10.000,0.140,270.000,1.500,1.586,9.750E-003
! <Site:Location>, Location Name, Latitude {N+/S- Deg}, Longitude {E+/W- Deg},  Time Zone Number {GMT+/-}, Elevation {m},  Standard Pressure at Elevation {Pa}, Standard RhoAir at Elevation
Site:Location,Corvallis Muni AP OR USA customized weather file WMO#=726945,44.48,-123.28,-8.00,77.00,100403,1.1934
! <Site Water Mains Temperature Information>,Calculation Method{},Water Mains Temperature Schedule Name{},Annual Average Outdoor Air Temperature{C},Maximum Difference In Monthly Average Outdoor Air Temperatures{deltaC},Fixed Default Water Mains Temperature{C}
Site Water Mains Temperature Information,CorrelationFromWeatherFile,NA,11.90,16.05,NA
! <Building Information>, Building Name,North Axis {deg},Terrain,  Loads Convergence Tolerance Value,Temperature Convergence Tolerance Value,  Solar Distribution,Maximum Number of Warmup Days,Minimum Number of Warmup Days
 Building Information,SITE_01849-2021,0.000,Suburbs,5.00000E-002,5.00000E-002,FullInteriorAndExteriorWithReflectionsFromExteriorSurfaces,25,3
! <Inside Convection Algorithm>, Algorithm {Simple | TARP | CeilingDiffuser | AdaptiveConvectionAlgorithm}
Inside Convection Algorithm,TARP
! <Outside Convection Algorithm>, Algorithm {SimpleCombined | TARP | MoWitt | DOE-2 | AdaptiveConvectionAlgorithm}
Outside Convection Algorithm,DOE-2
! <Sky Radiance Distribution>, Value {Anisotropic}
Sky Radiance Distribution,Anisotropic
! <Zone Air Solution Algorithm>, Value {ThirdOrderBackwardDifference | AnalyticalSolution | EulerMethod}
 Zone Air Solution Algorithm, ThirdOrderBackwardDifference
! <Zone Air Carbon Dioxide Balance Simulation>, Simulation {Yes/No}, Carbon Dioxide Concentration
 Zone Air Carbon Dioxide Balance Simulation, No,N/A
! <Zone Air Generic Contaminant Balance Simulation>, Simulation {Yes/No}, Generic Contaminant Concentration
 Zone Air Generic Contaminant Balance Simulation, No,N/A
! <Zone Air Mass Flow Balance Simulation>, Enforce Mass Balance, Adjust Zone Mixing and Return {AdjustMixingOnly | AdjustReturnOnly | AdjustMixingThenReturn | AdjustReturnThenMixing | None}, Adjust Zone Infiltration {AddInfiltration | AdjustInfiltration | None}, Infiltration Zones {MixingSourceZonesOnly | AllZones}
 Zone Air Mass Flow Balance Simulation, No,N/A,N/A,N/A
! <HVACSystemRootFindingAlgorithm>, Value {RegulaFalsi | Bisection | BisectionThenRegulaFalsi | RegulaFalsiThenBisection}
 HVACSystemRootFindingAlgorithm, RegulaFalsi
! <Environment:Site Atmospheric Variation>,Wind Speed Profile Exponent {},Wind Speed Profile Boundary Layer Thickness {m},Air Temperature Gradient Coefficient {K/m}
Environment:Site Atmospheric Variation,0.220,370.000,6.500000E-003
! <Material Details>,Material Name,ThermalResistance {m2-K/w},Roughness,Thickness {m},Conductivity {w/m-K},Density {kg/m3},Specific Heat {J/kg-K},Absorptance:Thermal,Absorptance:Solar,Absorptance:Visible
! <Material:Air>,Material Name,ThermalResistance {m2-K/w}
 Material Details,SYN_STUCCO,3.5237E-002,MediumSmooth,3.0480E-003,8.650E-002,400.000,878.640,0.9000,0.7000,0.7000
 Material Details,SHEATHING_CONSOL_LAYER,0.1351,Rough,1.2700E-002,9.402E-002,685.008,1172.332,0.9000,0.7000,0.7000
 Material Details,OSB_7/16IN,9.5550E-002,MediumSmooth,1.1113E-002,0.116,544.627,1213.360,0.9000,0.7000,0.7000
 Material Details,OSB_1IN,0.2184,MediumSmooth,2.5400E-002,0.116,544.627,1213.360,0.9000,0.7000,0.7000
 Material Details,CUSTOM_WALL_LAYER,1.5588,Smooth,8.8854E-002,5.700E-002,120.000,1550.000,0.9000,0.7000,0.7000
 Material Details,CUSTOM_CEILING_LAYER,7.2816,Rough,0.4494,6.172E-002,41.929,776.251,0.9000,0.7000,0.7000
 Material Details,2X4_16INOC_W_NO_INSULATION,0.2421,Smooth,8.8900E-002,0.367,126.145,1556.293,0.9000,0.7000,0.7000
 Material Details,2X4_16INOC_W_R11_CAVITY,1.4735,Smooth,8.8900E-002,6.033E-002,126.145,1556.293,0.9000,0.7000,0.7000
 Material Details,2X4_16INOC_W_R13_CAVITY,1.6177,Smooth,8.8900E-002,5.495E-002,126.145,1556.293,0.9000,0.7000,0.7000
 Material Details,2X4_16INOC_W_R15_CAVITY,1.7608,Smooth,8.8900E-002,5.049E-002,126.145,1556.293,0.9000,0.7000,0.7000
 Material Details,2X6_16INOC_W_NO_INSULATION,0.3804,Smooth,0.1397,0.367,126.145,1556.293,0.9000,0.7000,0.7000
 Material Details,2X6_16INOC_W_R19_CAVITY,2.2675,Smooth,0.1397,6.161E-002,126.145,1556.293,0.9000,0.7000,0.7000
 Material Details,2X6_16INOC_W_R19_CAVITY_R10_HEADER,2.4344,Smooth,0.1397,5.739E-002,126.145,1556.293,0.9000,0.7000,0.7000
 Material Details,2X6_16INOC_W_R21_CAVITY,2.4344,Smooth,0.1397,5.739E-002,126.145,1556.293,0.9000,0.7000,0.7000
 Material Details,2X6_16INOC_W_R21_CAVITY_R10_HEADER,2.6239,Smooth,0.1397,5.324E-002,126.145,1556.293,0.9000,0.7000,0.7000
 Material Details,2X6_24INOC_W_NO_INSULATION,0.3613,Smooth,0.1397,0.387,113.315,1544.217,0.9000,0.7000,0.7000
 Material Details,2X6_24INOC_W_R19_CAVITY,2.3484,Smooth,0.1397,5.949E-002,113.315,1544.217,0.9000,0.7000,0.7000
 Material Details,2X6_24INOC_W_R19_CAVITY_R10_HEADER,2.4795,Smooth,0.1397,5.634E-002,113.315,1544.217,0.9000,0.7000,0.7000
 Material Details,2X6_24INOC_W_R21_CAVITY,2.5741,Smooth,0.1397,5.427E-002,113.315,1544.217,0.9000,0.7000,0.7000
 Material Details,2X6_24INOC_W_R21_CAVITY_R10_HEADER,2.7286,Smooth,0.1397,5.120E-002,113.315,1544.217,0.9000,0.7000,0.7000
 Material Details,RAFTERS_W_NO_INSULATION,1.9554E-005,Rough,2.5400E-004,12.990,55.074,916.931,0.9000,0.7000,0.7000
 Material Details,RAFTERS_W_R30_INSULATION,4.6148,Rough,0.2848,6.172E-002,41.929,776.251,0.9000,0.7000,0.7000
 Material Details,RAFTERS_W_R38_INSULATION,5.5153,Rough,0.3404,6.172E-002,41.929,776.251,0.9000,0.7000,0.7000
 Material Details,RAFTERS_W_R49_INSULATION,6.4845,Rough,0.4002,6.172E-002,41.929,776.251,0.9000,0.7000,0.7000
 Material Details,RAFTERS_W_R60_INSULATION,7.2015,Rough,0.4445,6.172E-002,41.929,776.251,0.9000,0.7000,0.7000
 Material Details,JOISTS_W_NO_INSULATION,1.9554E-005,Rough,2.5400E-004,12.990,55.074,916.931,0.9000,0.7000,0.7000
 Material Details,JOISTS_W_R13_INSULATION,1.9128,Rough,8.8900E-002,4.648E-002,55.074,916.931,0.9000,0.7000,0.7000
 Material Details,JOISTS_W_R19_INSULATION,2.8450,Rough,0.1397,4.910E-002,55.074,916.931,0.9000,0.7000,0.7000
 Material Details,JOISTS_W_R30_INSULATION,4.5576,Rough,0.2350,5.155E-002,55.074,916.931,0.9000,0.7000,0.7000
 Material Details,FLOOR_INS_CUSTOM,5.1764,Rough,0.2588,5.000E-002,55.074,916.931,0.9000,0.7000,0.7000
 Material Details,JOISTS_W_R38_INSULATION,5.7198,Rough,0.2858,4.996E-002,55.074,916.931,0.9000,0.7000,0.7000
 Material Details,FIBERGLASS_BATT_R0,1.9554E-005,Rough,2.5400E-004,12.990,55.074,916.931,0.9000,0.7000,0.7000
 Material Details,FIBERGLASS_BATT_R13,1.9128,Rough,8.8900E-002,4.648E-002,55.074,916.931,0.9000,0.7000,0.7000
 Material Details,FIBERGLASS_BATT_R19,2.8450,Rough,0.1397,4.910E-002,55.074,916.931,0.9000,0.7000,0.7000
 Material Details,FIBERGLASS_BATT_R30,4.5576,Rough,0.2350,5.155E-002,55.074,916.931,0.9000,0.7000,0.7000
 Material Details,FIBERGLASS_BATT_R38,5.7198,Rough,0.2858,4.996E-002,55.074,916.931,0.9000,0.7000,0.7000
 Material Details,BSMTWALL_CONSOL_LAYER,2.3423E-005,Rough,2.5400E-004,10.844,120.801,1036.258,0.9000,0.7000,0.7000
 Material Details,CRAWLWALL_CONSOL_LAYER,2.3423E-005,Rough,2.5400E-004,10.844,120.801,1036.258,0.9000,0.7000,0.7000
 Material Details,VERY HIGH REFLECTIVITY SURFACE,2.1097E-006,Smooth,5.0000E-004,237.000,2702.000,903.000,0.9000,5.0000E-002,5.0000E-002
 Material Details,GYPSUMBOARD-5/16IN,5.0054E-002,Rough,7.9395E-003,0.159,640.000,1129.600,0.9000,0.4000,0.1000
 Material Details,DRYWALL_1/2IN,7.9331E-002,MediumSmooth,1.2700E-002,0.160,800.923,1087.840,0.9000,0.7000,0.7000
 Material Details,COPPERPIPE,4.7506E-005,MediumRough,1.9050E-002,401.000,2243.000,837.000,0.9000,0.6500,0.6500
 Material Details,F08 METAL SURFACE,1.7668E-005,Smooth,8.0000E-004,45.280,7824.000,500.000,0.9000,0.7000,0.7000
 Material Details,ASPHALT_SHINGLE,7.7448E-002,MediumRough,6.3399E-003,8.186E-002,1121.292,1255.200,0.9000,0.8500,0.7000
 Material Details,WHITE_ROOF,7.7448E-002,Smooth,6.3399E-003,8.186E-002,1121.292,1255.200,0.9000,0.3500,0.7000
 Material Details,WOOD_SHINGLE,0.1115,MediumSmooth,1.2700E-002,0.114,426.091,1631.760,0.9000,0.7000,0.7000
 Material Details,SLATE_SHINGLE,8.8061E-003,MediumSmooth,1.2700E-002,1.442,1601.845,1255.200,0.9000,0.7000,0.7000
 Material Details,CEMENT_STUCCO,2.6422E-002,MediumSmooth,1.9050E-002,0.721,1865.580,878.640,0.9000,0.7000,0.7000
 Material Details,OSB_5/8IN,0.1365,MediumSmooth,1.5875E-002,0.116,544.627,1213.360,0.9000,0.7000,0.7000
 Material Details,BLOWN_R30,5.1614,MediumRough,0.2126,4.119E-002,9.611,836.800,0.9000,0.7000,0.7000
 Material Details,BLOWN_R30_TOP,2.8489,MediumRough,0.1173,4.119E-002,9.611,836.800,0.9000,0.7000,0.7000
 Material Details,PLYWOOD_3/4IN,0.1650,Rough,1.9050E-002,0.115,544.680,674.540,0.9000,0.7000,0.7000
 Material Details,BATT_R19,7.3089,MediumRough,2.5400E-002,3.475E-003,9.611,836.800,0.9000,0.7000,0.7000
 Material Details,LUMBER_2X4,0.7709,Rough,8.9002E-002,0.115,512.640,767.580,0.9000,0.7000,0.7000
 Material Details,CARPET_N_PAD,0.4224,MediumSmooth,2.5400E-002,6.013E-002,32.037,836.800,0.9000,0.7000,0.7000
 Material Details,BATT_R13,2.2936,MediumRough,8.8900E-002,3.876E-002,9.611,836.800,0.9000,0.7000,0.7000
 Material Details,OSB_1/2IN,0.1092,MediumSmooth,1.2700E-002,0.116,544.627,1213.360,0.9000,0.7000,0.7000
 Material Details,SOIL_12IN,0.1761,Rough,0.3048,1.731,1842.300,232.600,0.9000,0.7000,0.7000
 Material Details,DOOR_CONST,0.5031,Smooth,3.6231E-002,7.201E-002,512.640,767.580,0.9000,0.7000,0.7000
 Material Details,GYP_BOARD_1/2IN,8.0130E-002,Rough,1.2710E-002,0.159,640.000,1129.600,0.9000,0.4000,0.1000
 Material Details,STD WOOD 6INCH,1.2500,MediumSmooth,0.1500,0.120,540.000,1210.000,0.9000,0.7000,0.7000
 Material Details,PIPE INSULATION,0.3830,VeryRough,1.2703E-002,3.317E-002,91.000,836.000,0.9000,0.5000,0.5000
 Material Details,SLAB MATERIAL,8.4667E-002,MediumRough,0.1524,1.800,2400.000,750.000,0.9000,0.6500,0.6500
 Material Details,CONCRETE_4IN,7.7356E-002,Rough,0.1015,1.312,2242.800,465.200,0.9000,0.7000,0.7000
 Material Details,CONCRETE_5IN,9.6792E-002,Rough,0.1270,1.312,2242.800,465.200,0.9000,0.7000,0.7000
 Material Details,CONCRETE_6IN,0.1161,Rough,0.1524,1.312,2242.800,465.200,0.9000,0.7000,0.7000
 Material Details,CONCRETE-8IN,0.1549,Rough,0.2032,1.311,2242.800,837.400,0.9000,0.7000,0.7000
 Material Details,BASEMENT WALL MATERIAL,0.1665,MediumRough,0.3000,1.802,2243.000,837.000,0.9000,0.6500,0.6500
 Material Details,XPS_R5,0.8621,Rough,2.5000E-002,2.900E-002,28.000,1450.000,0.9000,0.7000,0.7000
 Material Details,XPS_R10,1.7241,Rough,5.0000E-002,2.900E-002,28.000,1450.000,0.9000,0.7000,0.7000
 Material Details,XPS_R15,2.6207,Rough,7.6000E-002,2.900E-002,28.000,1450.000,0.9000,0.7000,0.7000
 Material Details,SLAB_PERIMETER_CUSTOM,3.4483E-003,Rough,1.0000E-004,2.900E-002,28.000,1450.000,0.9000,0.7000,0.7000
 Material Details,THERMAL_BREAK_CUSTOM,3.4483E-003,Rough,1.0000E-004,2.900E-002,28.000,1450.000,0.9000,0.7000,0.7000
 Material Details,FOUND_WALL_CUSTOM,3.4483E-003,Rough,1.0000E-004,2.900E-002,28.000,1450.000,0.9000,0.7000,0.7000
 Material Details,FULL_UNDERSLAB_CUSTOM,3.4483E-003,Rough,1.0000E-004,2.900E-002,28.000,1450.000,0.9000,0.7000,0.7000
 Material Details,MANF_WALL_AIRGAP,0.1200,Smooth,0.0000,0.000,0.000,0.000,0.9000,0.7000,0.7000
 Material Details,BLDG_PAPER_FELT,1.0567E-002,Smooth,0.0000,0.000,0.000,0.000,0.9000,0.7000,0.7000
 Material Details,R_HIGH,177.0000,MediumRough,0.0000,0.000,0.000,0.000,0.9000,0.7000,0.7000
 Material:Air,AIR_4_IN_VERT,0.1585
 Material:Air,3/4IN_AIR_SPACE,8.5130E-002
 Material:Air,3/4IN_REFLECTIVE_AIR_SPACE,0.2466
 Material Details,CLEAR ACRYLIC PLASTIC,3.3333E-003,VerySmooth,3.0000E-003,0.900,0.000,0.000,0.9000,0.0000,0.0000
 Material Details,DIFFUSING ACRYLIC PLASTIC,2.4444E-003,VerySmooth,2.2000E-003,0.900,0.000,0.000,0.9000,0.0000,0.0000
 Material Details,DRAPES - CLOSE WEAVE MEDIUM,0.0000,MediumRough,3.0000E-003,0.100,0.000,0.000,0.9000,0.6500,0.0000
 Material Details,SHADE ROLL - LIGHT OPAQUE,0.0000,MediumRough,3.0000E-003,0.100,0.000,0.000,0.9000,0.4500,0.0000
 Material Details,INT_BLIND,0.0000,Rough,0.0000,0.000,0.000,0.000,0.0000,0.0000,0.0000
 Material Details,GLASS,0.1673,VerySmooth,1.6463E-002,9.840E-002,0.000,0.000,0.8400,0.0000,0.0000
! <Surface Geometry>,Starting Corner,Vertex Input Direction,Coordinate System,Daylight Reference Point Coordinate System,Rectangular (Simple) Surface Coordinate System
 Surface Geometry,LowerLeftCorner,Counterclockwise,RelativeCoordinateSystem,RelativeCoordinateSystem,RelativeToZoneOrigin
! <ShadingProperty Reflectance>,Shading Surface Name,Shading Type,Diffuse Solar Reflectance, Diffuse Visible Reflectance,Surface Glazing Fraction,Surface Glazing Contruction
ShadingProperty Reflectance,OVERHANG_WINDOW_FLOOR1_FRONT,Shading,0.20,0.20,0.00, N/A
ShadingProperty Reflectance,Mir-OVERHANG_WINDOW_FLOOR1_FRONT,Shading,0.20,0.20,0.00, N/A
ShadingProperty Reflectance,OVERHANG_WINDOW_FLOOR1_BACK,Shading,0.20,0.20,0.00, N/A
ShadingProperty Reflectance,Mir-OVERHANG_WINDOW_FLOOR1_BACK,Shading,0.20,0.20,0.00, N/A
ShadingProperty Reflectance,OVERHANG_WINDOW_FLOOR1_RIGHT,Shading,0.20,0.20,0.00, N/A
ShadingProperty Reflectance,Mir-OVERHANG_WINDOW_FLOOR1_RIGHT,Shading,0.20,0.20,0.00, N/A
ShadingProperty Reflectance,OVERHANG_WINDOW_FLOOR1_LEFT,Shading,0.20,0.20,0.00, N/A
ShadingProperty Reflectance,Mir-OVERHANG_WINDOW_FLOOR1_LEFT,Shading,0.20,0.20,0.00, N/A
! <Surface Heat Transfer Algorithm>, Value {CTF - ConductionTransferFunction | EMPD - MoisturePenetrationDepthConductionTransferFunction | CondFD - ConductionFiniteDifference | HAMT - CombinedHeatAndMoistureFiniteElement} - Description,Inside Surface Max Temperature Limit{C}, Surface Convection Coefficient Lower Limit {W/m2-K}, Surface Convection Coefficient Upper Limit {W/m2-K}
Surface Heat Transfer Algorithm, CTF - ConductionTransferFunction,200,0.10,1000.0
Surface Heat Transfer Algorithm, KivaFoundation - TwoDimensionalFiniteDifference,200,0.10,1000.0
! <Shading Summary>, Number of Fixed Detached Shades, Number of Building Detached Shades, Number of Attached Shades
 Shading Summary,0,0,8
! <Zone Summary>, Number of Zones, Number of Zone Surfaces, Number of SubSurfaces
 Zone Summary,3,25,4
! <Zone Information>,Zone Name,North Axis {deg},Origin X-Coordinate {m},Origin Y-Coordinate {m},Origin Z-Coordinate {m},Centroid X-Coordinate {m},Centroid Y-Coordinate {m},Centroid Z-Coordinate {m},Type,Zone Multiplier,Zone List Multiplier,Minimum X {m},Maximum X {m},Minimum Y {m},Maximum Y {m},Minimum Z {m},Maximum Z {m},Ceiling Height {m},Volume {m3},Zone Inside Convection Algorithm {Simple-Detailed-CeilingDiffuser-TrombeWall},Zone Outside Convection Algorithm {Simple-Detailed-Tarp-MoWitt-DOE-2-BLAST}, Floor Area {m2},Exterior Gross Wall Area {m2},Exterior Net Wall Area {m2},Exterior Window Area {m2}, Number of Surfaces, Number of SubSurfaces, Number of Shading SubSurfaces,  Part of Total Building Area
 Zone Information, LIVING,0.0,0.00,0.00,0.00,5.85,5.15,1.68,1,1,1,0.00,11.70,0.00,10.29,0.30,3.05,2.74,330.10,TARP,DOE-2,120.40,120.58,108.06,12.52,6,4,8,Yes
 Zone Information, ATTIC,0.0,0.00,0.00,0.00,5.85,5.15,3.50,1,1,1,0.00,11.70,0.00,10.29,3.05,4.76,0.86,103.27,TARP,DOE-2,120.40,17.66,17.66,0.00,5,0,0,Yes
 Zone Information, CRAWLSPACE,0.0,0.00,0.00,0.00,5.85,5.15,-0.15,1,1,1,0.00,11.70,0.00,10.29,-0.61,0.30,0.91,110.09,TARP,DOE-2,120.40,13.40,13.40,0.00,10,0,0,Yes
! <Zone Internal Gains Nominal>,Zone Name, Floor Area {m2},# Occupants,Area per Occupant {m2/person},Occupant per Area {person/m2},Interior Lighting {W/m2},Electric Load {W/m2},Gas Load {W/m2},Other Load {W/m2},Hot Water Eq {W/m2},Steam Equipment {W/m2},Sum Loads per Area {W/m2},Outdoor Controlled Baseboard Heat
 Zone Internal Gains Nominal, LIVING,120.40,3.0,40.134,2.492E-002,0.000,24.181,0.000,0.000,0.000,0.000,24.181,No
 Zone Internal Gains Nominal, ATTIC,120.40,0.0,N/A,0.000,0.000,0.000,0.000,0.000,0.000,0.000,0.000,No
 Zone Internal Gains Nominal, CRAWLSPACE,120.40,0.0,N/A,0.000,0.000,0.000,0.000,0.000,0.000,0.000,0.000,No
! <People Internal Gains Nominal>,Name,Schedule Name,Zone Name,Zone Floor Area {m2},# Zone Occupants,Number of People {},People/Floor Area {person/m2},Floor Area per person {m2/person},Fraction Radiant,Fraction Convected,Sensible Fraction Calculation,Activity level,ASHRAE 55 Warnings,Carbon Dioxide Generation Rate,Nominal Minimum Number of People,Nominal Maximum Number of People
 People Internal Gains Nominal, PEOPLE_UNIT1,OCCUPANCY,LIVING,120.40,3.0,3.0,2.492E-002,40.134,0.000,1.000,AutoCalculate,ACTIVITY_SCH,No,3.8200E-008,3,3
! <Lights Internal Gains Nominal>,Name,Schedule Name,Zone Name,Zone Floor Area {m2},# Zone Occupants,Lighting Level {W},Lights/Floor Area {W/m2},Lights per person {W/person},Fraction Return Air,Fraction Radiant,Fraction Short Wave,Fraction Convected,Fraction Replaceable,End-Use Category,Nominal Minimum Lighting Level {W},Nominal Maximum Lighting Level {W}
 Lights Internal Gains Nominal, INTERIOR LIGHTS,INTERIORLIGHTINGHE,LIVING,120.40,3.0,0.000,0.000,0.000,0.000,0.600,0.200,0.200,0.000,General,0.000,0.000
! <ElectricEquipment Internal Gains Nominal>,Name,Schedule Name,Zone Name,Zone Floor Area {m2},# Zone Occupants,Equipment Level {W},Equipment/Floor Area {W/m2},Equipment per person {W/person},Fraction Latent,Fraction Radiant,Fraction Lost,Fraction Convected,End-Use SubCategory,Nominal Minimum Equipment Level {W},Nominal Maximum Equipment Level {W}
 ElectricEquipment Internal Gains Nominal, ELECTRIC_MELS1,MISCELECPLUGLOAD,LIVING,120.40,3.0,2911.476,24.181,970.492,6.000E-002,0.690,0.250,0.000,electric_mels,223.170,2911.476
! <GasEquipment Internal Gains Nominal>,Name,Schedule Name,Zone Name,Zone Floor Area {m2},# Zone Occupants,Equipment Level {W},Equipment/Floor Area {W/m2},Equipment per person {W/person},Fraction Latent,Fraction Radiant,Fraction Lost,Fraction Convected,End-Use SubCategory,Nominal Minimum Equipment Level {W},Nominal Maximum Equipment Level {W}
 GasEquipment Internal Gains Nominal, GAS_MELS1,MISCGASPLUGLOAD,LIVING,120.40,3.0,0.000,0.000,0.000,6.000E-002,0.690,0.250,0.000,gas_mels,0.000,0.000
! <Zone Volume Capacitance Multiplier>, Sensible Heat Capacity Multiplier, Moisture Capacity Multiplier, Carbon Dioxide Capacity Multiplier, Generic Contaminant Capacity Multiplier
Zone Volume Capacitance Multiplier,   1.667 ,   1.667,   1.000,   1.000
! <Kiva Foundation Name>, Horizontal Cells, Vertical Cells, Total Cells, Total Exposed Perimeter, Perimeter Fraction, Wall Height, Wall Construction, Floor Surface, Wall Surface(s)
KIVA FOUNDATION,38,46,1748,43.98,1.00,0.61,FOUNDATION WALL CONSTRUCTION,FLOOR_FOUNDATION,BGWALL_LOWER_FRONT,BGWALL_LOWER_RIGHT,BGWALL_LOWER_BACK,BGWALL_LOWER_LEFT
! <Construction CTF>,Construction Name,Index,#Layers,#CTFs,Time Step {hours},ThermalConductance {w/m2-K},OuterThermalAbsorptance,InnerThermalAbsorptance,OuterSolarAbsorptance,InnerSolarAbsorptance,Roughness
! <Material CTF Summary>,Material Name,Thickness {m},Conductivity {w/m-K},Density {kg/m3},Specific Heat {J/kg-K},ThermalResistance {m2-K/w}
! <Material:Air>,Material Name,ThermalResistance {m2-K/w}
! <CTF>,Time,Outside,Cross,Inside,Flux (except final one)
 Construction CTF,AG WALL CONSTRUCTION,   3,   5,  12,   0.083,     0.5252    ,   0.900,   0.900,   0.700,   0.700,MediumSmooth
 Material CTF Summary,SYN_STUCCO,  0.0030,         0.086,    400.000,      878.640,  0.3524E-01
 Material CTF Summary,SHEATHING_CONSOL_LAYER,  0.0127,         0.094,    685.008,     1172.332,  0.1351    
 Material CTF Summary,OSB_7/16IN,  0.0111,         0.116,    544.627,     1213.360,  0.9555E-01
 Material CTF Summary,CUSTOM_WALL_LAYER,  0.0889,         0.057,    120.000,     1550.000,   1.559    
 Material CTF Summary,DRYWALL_1/2IN,  0.0127,         0.160,    800.923,     1087.840,  0.7933E-01
 CTF,  12,      0.11087390E-08,      0.20462194E-14,      0.97790267E-09,     -0.24236892E-13
 CTF,  11,     -0.10412051E-05,      0.32869175E-13,     -0.14087935E-05,      0.56493095E-09
 CTF,  10,      0.24459542E-03,      0.21475342E-10,      0.49781452E-03,     -0.42887439E-06
 CTF,   9,     -0.13101621E-01,      0.49293651E-08,     -0.23417539E-01,      0.86245632E-04
 CTF,   8,      0.24691220    ,      0.28692938E-06,      0.42751647    ,     -0.33263276E-02
 CTF,   7,      -2.3530760    ,      0.51898940E-05,      -4.0643303    ,      0.47922173E-01
 CTF,   6,       13.126916    ,      0.33130641E-04,       22.796412    ,     -0.35660823    
 CTF,   5,      -45.855858    ,      0.78941611E-04,      -80.011752    ,       1.5584105    
 CTF,   4,       103.04964    ,      0.69185823E-04,       179.81662    ,      -4.2165217    
 CTF,   3,      -148.54235    ,      0.20070404E-04,      -257.58830    ,       7.1321079    
 CTF,   2,       132.38795    ,      0.14643235E-05,       226.71106    ,      -7.3200183    
 CTF,   1,      -66.249836    ,      0.12969874E-07,      -111.43460    ,       4.1575515    
 CTF,   0,       14.202771    ,     -0.79158980E-10,       23.370512    
 Construction CTF,CEILING CONSTRUCTION,   4,   2,  15,   0.083,     0.1359    ,   0.900,   0.900,   0.700,   0.700,Rough
 Material CTF Summary,CUSTOM_CEILING_LAYER,  0.4494,         0.062,     41.929,      776.251,   7.282    
 Material CTF Summary,DRYWALL_1/2IN,  0.0127,         0.160,    800.923,     1087.840,  0.7933E-01
 CTF,  15,     -0.15295720E-13,      0.14200728E-17,     -0.20477343E-07,      0.71197017E-14
 CTF,  14,      0.30909669E-07,     -0.97685957E-16,      0.39232964E-04,     -0.14409248E-07
 CTF,  13,     -0.15251214E-04,     -0.62772647E-15,     -0.18170282E-02,      0.71180900E-05
 CTF,  12,      0.56509256E-03,      0.19896354E-13,      0.37863415E-01,     -0.26755396E-03
 CTF,  11,     -0.96321821E-02,      0.40437549E-11,     -0.46721489    ,      0.46354492E-02
 CTF,  10,      0.97788349E-01,      0.21089478E-09,       3.8078173    ,     -0.47917990E-01
 CTF,   9,     -0.65642869    ,      0.40608123E-08,      -21.670695    ,      0.32811038    
 CTF,   8,       3.0712994    ,      0.32870764E-07,       88.803184    ,      -1.5687870    
 CTF,   7,      -10.297662    ,      0.12063160E-06,      -266.25780    ,       5.3849449    
 CTF,   6,       25.048913    ,      0.20507751E-06,       587.32571    ,      -13.434250    
 CTF,   5,      -44.216588    ,      0.15908581E-06,      -949.40167    ,       24.363967    
 CTF,   4,       55.970482    ,      0.52268359E-07,       1108.4132    ,      -31.737771    
 CTF,   3,      -49.418857    ,      0.65403509E-08,      -907.59267    ,       28.881947    
 CTF,   2,       28.847666    ,      0.11628455E-09,       493.49517    ,      -17.400229    
 CTF,   1,      -9.9887447    ,      0.34877353E-10,      -159.76589    ,       6.2256071    
 CTF,   0,       1.5512142    ,     -0.54154662E-11,       23.274806    
 Construction CTF,ROOF CONSTRUCTION,   5,   2,   5,   0.083,      4.674    ,   0.900,   0.900,   0.850,   0.700,MediumRough
 Material CTF Summary,ASPHALT_SHINGLE,  0.0063,         0.082,   1121.292,     1255.200,  0.7745E-01
 Material CTF Summary,OSB_5/8IN,  0.0159,         0.116,    544.627,     1213.360,  0.1365    
 CTF,   5,     -0.21931268E-07,      0.39869698E-08,     -0.53355757E-08,      0.24905076E-13
 CTF,   4,      0.36986240E-03,      0.73101962E-04,      0.12968979E-03,     -0.15121742E-07
 CTF,   3,     -0.18429444    ,      0.33752101E-01,     -0.10685456    ,      0.12815594E-03
 CTF,   2,       5.4202888    ,      0.74872130    ,       4.0184635    ,     -0.37964414E-01
 CTF,   1,      -24.441503    ,       1.3223387    ,      -18.692061    ,      0.55925360    
 CTF,   0,       21.442048    ,      0.13202376    ,       17.017232    
 Construction CTF,MAIN FLOOR CONSTRUCTION,   6,   2,  13,   0.083,     0.1872    ,   0.900,   0.900,   0.700,   0.700,Rough
 Material CTF Summary,FLOOR_INS_CUSTOM,  0.2588,         0.050,     55.074,      916.931,   5.176    
 Material CTF Summary,PLYWOOD_3/4IN,  0.0191,         0.115,    544.680,      674.540,  0.1650    
 CTF,  13,      0.51208563E-16,     -0.33467812E-16,     -0.14243998E-10,      0.13775610E-16
 CTF,  12,      0.18101667E-09,     -0.44963246E-15,      0.28427906E-05,     -0.79119722E-10
 CTF,  11,     -0.65311191E-05,      0.12886363E-14,     -0.10254155E-02,      0.28547003E-05
 CTF,  10,      0.72322706E-03,      0.26971981E-11,      0.31386078E-01,     -0.31758204E-03
 CTF,   9,     -0.16573234E-01,      0.54354696E-09,     -0.43378515    ,      0.74039830E-02
 CTF,   8,      0.18039060    ,      0.24540114E-07,       3.4794354    ,     -0.82283119E-01
 CTF,   7,      -1.1480081    ,      0.34822839E-06,      -17.884535    ,      0.53622708    
 CTF,   6,       4.6596456    ,      0.18275846E-05,       61.717362    ,      -2.2349307    
 CTF,   5,      -12.543234    ,      0.37875070E-05,      -145.82221    ,       6.1941579    
 CTF,   4,       22.645057    ,      0.30752988E-05,       236.00243    ,      -11.542531    
 CTF,   3,      -27.074116    ,      0.89470589E-06,      -256.69227    ,       14.277355    
 CTF,   2,       20.531101    ,      0.74253647E-07,       178.99615    ,      -11.224799    
 CTF,   1,      -8.9280186    ,      0.99455725E-09,      -72.162979    ,       5.0696620    
 CTF,   0,       1.6930491    ,     -0.21081027E-11,       12.770040    
 Construction CTF,FOUNDATION WALL CONSTRUCTION,  21,   1,  11,   0.083,      6.007    ,   0.900,   0.900,   0.650,   0.650,MediumRough
 Material CTF Summary,BASEMENT WALL MATERIAL,  0.3000,         1.802,   2243.000,      837.000,  0.1665    
 CTF,  11,     -0.63007534E-02,      0.23294923E-14,     -0.63007534E-02,      0.73249485E-04
 CTF,  10,      0.19460725    ,      0.18240813E-10,      0.19460725    ,     -0.23026844E-02
 CTF,   9,      -2.6278169    ,      0.47232018E-08,      -2.6278169    ,      0.31716408E-01
 CTF,   8,       20.457106    ,      0.22100870E-06,       20.457106    ,     -0.25243820    
 CTF,   7,      -101.96166    ,      0.31101793E-05,      -101.96166    ,       1.2894652    
 CTF,   6,       341.63349    ,      0.16154718E-04,       341.63349    ,      -4.4384603    
 CTF,   5,      -785.61832    ,      0.33540774E-04,      -785.61832    ,       10.509471    
 CTF,   4,       1241.1292    ,      0.27853864E-04,       1241.1292    ,      -17.132006    
 CTF,   3,      -1321.8929    ,      0.85528488E-05,      -1321.8929    ,       18.863966    
 CTF,   2,       905.47542    ,      0.79175438E-06,       905.47542    ,      -13.380208    
 CTF,   1,      -359.66361    ,      0.13270421E-07,      -359.66361    ,       5.5107084    
 CTF,   0,       62.880875    ,      0.63737989E-11,       62.880875    
 Construction CTF,iz-CEILING CONSTRUCTION,  26,   2,  15,   0.083,     0.1359    ,   0.900,   0.900,   0.700,   0.700,MediumSmooth
 Material CTF Summary,DRYWALL_1/2IN,  0.0127,         0.160,    800.923,     1087.840,  0.7933E-01
 Material CTF Summary,CUSTOM_CEILING_LAYER,  0.4494,         0.062,     41.929,      776.251,   7.282    
 CTF,  15,     -0.20477343E-07,      0.14200728E-17,     -0.15295720E-13,      0.71197017E-14
 CTF,  14,      0.39232964E-04,     -0.97685957E-16,      0.30909669E-07,     -0.14409248E-07
 CTF,  13,     -0.18170282E-02,     -0.62772647E-15,     -0.15251214E-04,      0.71180900E-05
 CTF,  12,      0.37863415E-01,      0.19896354E-13,      0.56509256E-03,     -0.26755396E-03
 CTF,  11,     -0.46721489    ,      0.40437549E-11,     -0.96321821E-02,      0.46354492E-02
 CTF,  10,       3.8078173    ,      0.21089478E-09,      0.97788349E-01,     -0.47917990E-01
 CTF,   9,      -21.670695    ,      0.40608123E-08,     -0.65642869    ,      0.32811038    
 CTF,   8,       88.803184    ,      0.32870764E-07,       3.0712994    ,      -1.5687870    
 CTF,   7,      -266.25780    ,      0.12063160E-06,      -10.297662    ,       5.3849449    
 CTF,   6,       587.32571    ,      0.20507751E-06,       25.048913    ,      -13.434250    
 CTF,   5,      -949.40167    ,      0.15908581E-06,      -44.216588    ,       24.363967    
 CTF,   4,       1108.4132    ,      0.52268359E-07,       55.970482    ,      -31.737771    
 CTF,   3,      -907.59267    ,      0.65403509E-08,      -49.418857    ,       28.881947    
 CTF,   2,       493.49517    ,      0.11628455E-09,       28.847666    ,      -17.400229    
 CTF,   1,      -159.76589    ,      0.34877353E-10,      -9.9887447    ,       6.2256071    
 CTF,   0,       23.274806    ,     -0.54154662E-11,       1.5512142    
 Construction CTF,iz-MAIN FLOOR CONSTRUCTION,  27,   2,  13,   0.083,     0.1872    ,   0.900,   0.900,   0.700,   0.700,Rough
 Material CTF Summary,PLYWOOD_3/4IN,  0.0191,         0.115,    544.680,      674.540,  0.1650    
 Material CTF Summary,FLOOR_INS_CUSTOM,  0.2588,         0.050,     55.074,      916.931,   5.176    
 CTF,  13,     -0.14243998E-10,     -0.33467812E-16,      0.51208563E-16,      0.13775610E-16
 CTF,  12,      0.28427906E-05,     -0.44963246E-15,      0.18101667E-09,     -0.79119722E-10
 CTF,  11,     -0.10254155E-02,      0.12886363E-14,     -0.65311191E-05,      0.28547003E-05
 CTF,  10,      0.31386078E-01,      0.26971981E-11,      0.72322706E-03,     -0.31758204E-03
 CTF,   9,     -0.43378515    ,      0.54354696E-09,     -0.16573234E-01,      0.74039830E-02
 CTF,   8,       3.4794354    ,      0.24540114E-07,      0.18039060    ,     -0.82283119E-01
 CTF,   7,      -17.884535    ,      0.34822839E-06,      -1.1480081    ,      0.53622708    
 CTF,   6,       61.717362    ,      0.18275846E-05,       4.6596456    ,      -2.2349307    
 CTF,   5,      -145.82221    ,      0.37875070E-05,      -12.543234    ,       6.1941579    
 CTF,   4,       236.00243    ,      0.30752988E-05,       22.645057    ,      -11.542531    
 CTF,   3,      -256.69227    ,      0.89470589E-06,      -27.074116    ,       14.277355    
 CTF,   2,       178.99615    ,      0.74253647E-07,       20.531101    ,      -11.224799    
 CTF,   1,      -72.162979    ,      0.99455725E-09,      -8.9280186    ,       5.0696620    
 CTF,   0,       12.770040    ,     -0.21081027E-11,       1.6930491    
! <WindowConstruction>,Construction Name,Index,#Layers,Roughness,Conductance {W/m2-K},Conductance (Before Adjusted) {W/m2-K},Convection Coefficient Adjustment Ratio,SHGC,Solar Transmittance at Normal Incidence,Visible Transmittance at Normal Incidence
! <WindowMaterial:Glazing>, Material Name, Optical Data Type, Spectral Data Set Name, Thickness {m}, Solar Transmittance,Front Solar Reflectance, Back Solar Reflectance, Visible Transmittance, Front Visible Reflectance,Back Visible Reflectance,Infrared Transmittance, Front Thermal Emissivity, Back Thermal Emissivity,Conductivity {W/m-K},Dirt Factor,Solar Diffusing
! <WindowMaterial:Shade>,Material Name,Thickness {m},Conductivity {W/m-K},Thermal Absorptance,Transmittance,Visible Transmittance,Shade Reflectance
! <WindowMaterial:Blind>,Material Name,Slat Width {m},Slat Separation {m},Slat Thickness {m},Slat Angle {deg},Slat Beam Solar Transmittance,Slat Beam Solar Front Reflectance,Blind To Glass Distance {m}
 WindowConstruction,EXTERIOR WINDOW,1,1,VerySmooth,2.964,2.964,1.000,0.541
 WindowMaterial:Glazing,GLASS,SpectralAverage,,1.64627E-002,0.46068,0.33238,0.33238,0.88000,0.11900,0.11900,0.00000,0.84000,0.84000,9.84012E-002,1.00000,No
 WindowConstruction,WINDOW_W_BLINDS,2,2,VerySmooth,2.964,2.964,1.000,0.390
 WindowMaterial:Glazing,GLASS,SpectralAverage,,1.64627E-002,0.46068,0.33238,0.33238,0.88000,0.11900,0.11900,0.00000,0.84000,0.84000,9.84012E-002,1.00000,No
 WindowMaterial:Shade,,SHADE ROLL - LIGHT OPAQUE,3.000E-003,0.100,0.900,5.000E-002,5.000E-002,0.500
 WindowConstruction,INTERIOR WINDOW,8,1,VerySmooth,2.964,2.964,1.000,0.541
 WindowMaterial:Glazing,GLASS,SpectralAverage,,1.64627E-002,0.46068,0.33238,0.33238,0.88000,0.11900,0.11900,0.00000,0.84000,0.84000,9.84012E-002,1.00000,No
 WindowConstruction,TDD DOME,16,1,VerySmooth,6.082,6.082,1.000,0.929
 WindowMaterial:Glazing,CLEAR ACRYLIC PLASTIC,SpectralAverage,,3.00000E-003,0.92000,5.00000E-002,5.00000E-002,0.92000,5.00000E-002,5.00000E-002,0.00000,0.90000,0.90000,0.90000,1.00000,No
 WindowConstruction,TDD DIFFUSER,17,1,VerySmooth,6.115,6.115,1.000,0.906
 WindowMaterial:Glazing,DIFFUSING ACRYLIC PLASTIC,SpectralAverage,,2.20000E-003,0.90000,8.00000E-002,8.00000E-002,0.90000,8.00000E-002,8.00000E-002,0.00000,0.90000,0.90000,0.90000,1.00000,No
! <Shadowing/Sun Position Calculations Annual Simulations>, Shading Calculation Method, Shading Calculation Update Frequency Method, Shading Calculation Update Frequency {days}, Maximum Figures in Shadow Overlap Calculations {}, Polygon Clipping Algorithm, Pixel Counting Resolution, Sky Diffuse Modeling Algorithm, Output External Shading Calculation Results, Disable Self-Shading Within Shading Zone Groups, Disable Self-Shading From Shading Zone Groups to Other Zones
Shadowing/Sun Position Calculations Annual Simulations,PolygonClipping,Periodic,20,15000,SutherlandHodgman,512,SimpleSkyDiffuseModeling,No,No,No
! <RoomAir Model>, Zone Name, Mixing/Mundt/UCSDDV/UCSDCV/UCSDUFI/UCSDUFE/User Defined
RoomAir Model,LIVING,Mixing/Well-Stirred
RoomAir Model,ATTIC,Mixing/Well-Stirred
RoomAir Model,CRAWLSPACE,Mixing/Well-Stirred
! <AirflowNetwork Model:Control>, No Multizone or Distribution/Multizone with Distribution/Multizone without Distribution/Multizone with Distribution only during Fan Operation
AirflowNetwork Model:Control,MultizoneWithDistribution
! <AirflowNetwork Model:Equivalent Rectangle Surface>, Name, Equivalent Height {m}, Equivalent Width {m} AirflowNetwork Model:Equivalent Rectangle
AirflowNetwork Model:Equivalent Rectangle Surface, ROOF_RIGHT, 1.72,5.15
AirflowNetwork Model:Equivalent Rectangle Surface, ROOF_LEFT, 1.72,5.15
! <AirflowNetwork Model:Wind Direction>, Wind Direction #1 to n (degree)
AirflowNetwork Model:Wind Direction, 0.0,30.0,60.0,90.0,120.0,150.0,180.0,210.0,240.0,270.0,300.0,330.0
! <AirflowNetwork Model:Wind Pressure Coefficients>, Name, Wind Pressure Coefficients #1 to n (dimensionless)
AirflowNetwork Model:Wind Pressure Coefficients, !WPCTABLE1, 0.60,0.47,0.11,-0.52,-0.91,-0.55,-0.51,-0.55,-0.91,-0.52,0.11,0.47
AirflowNetwork Model:Wind Pressure Coefficients, !WPCTABLE2, -0.36,0.13,0.47,0.60,0.47,0.13,-0.36,-0.50,-0.25,-0.24,-0.25,-0.50
AirflowNetwork Model:Wind Pressure Coefficients, !WPCTABLE3, -0.51,-0.55,-0.91,-0.52,0.11,0.47,0.60,0.47,0.11,-0.52,-0.91,-0.55
AirflowNetwork Model:Wind Pressure Coefficients, !WPCTABLE4, -0.36,-0.50,-0.25,-0.24,-0.25,-0.50,-0.36,0.13,0.47,0.60,0.47,0.13
AirflowNetwork Model:Wind Pressure Coefficients, !WPCTABLE5, -0.73,-0.63,-0.54,-0.59,-0.54,-0.63,-0.73,-0.63,-0.54,-0.59,-0.54,-0.63
! <Load Timesteps in Zone Design Calculation Averaging Window>, Value
 Load Timesteps in Zone Design Calculation Averaging Window,   12
! <Heating Sizing Factor Information>, Sizing Factor ID, Value
 Heating Sizing Factor Information, Global,   1.0000    
! <Cooling Sizing Factor Information>, Sizing Factor ID, Value
 Cooling Sizing Factor Information, Global,   1.0000    
! <Zone Sizing Information>, Zone Name, Load Type, Calc Des Load {W}, User Des Load {W}, Calc Des Air Flow Rate {m3/s}, User Des Air Flow Rate {m3/s}, Design Day Name, Date/Time of Peak, Temperature at Peak {C}, Humidity Ratio at Peak {kgWater/kgDryAir}, Floor Area {m2}, # Occupants, Calc Outdoor Air Flow Rate {m3/s}, Calc DOAS Heat Addition Rate {W}
 Zone Sizing Information, LIVING, Cooling, 3396.13858, 3396.13858, 0.22956, 0.22956, EXTREME_SUMMER, 8/14 19:20:00, 28.90000, 1.63319E-002, 120.40134, 3.00000, 0.00000, 0.00000
 Zone Sizing Information, LIVING, Heating, 6830.71760, 6830.71760, 0.19589, 0.19589, EXTREME_WINTER, 12/28 06:00:00, 0.00000, 3.09368E-003, 120.40134, 3.00000, 0.00000, 0.00000
! <System Sizing Information>, System Name, Load Type, Peak Load Kind, User Design Capacity, Calc Des Air Flow Rate [m3/s], User Des Air Flow Rate [m3/s], Design Day Name, Date/Time of Peak
 System Sizing Information, CENTRAL SYSTEM, Cooling, Sensible, 3325.84, 0.22956, 0.22956, EXTREME_SUMMER, 8/14 00:00:00
 System Sizing Information, CENTRAL SYSTEM, Heating, Sensible, 6605.56, 0.19589, 0.19589, EXTREME_WINTER, 12/28 06:00:00
! <Component Sizing Information>, Component Type, Component Name, Input Field Description, Value
